time,x,y,z,phi,theta,psi,x_velocity,y_velocity,z_velocity,phi_velocity,theta_velocity,psi_velocity,rotor_speed1,rotor_speed2,rotor_speed3,rotor_speed4
0.02,0.0,0.0,10.000373279553243,1.419793390944335e-05,8.061684448890105e-07,0.0,0.0,0.0,0.037327955324322135,-0.005328777328627303,0.0012697782838549784,0.0,440.13964680850825,440.4547422859371,441.7272625003618,440.4072350731908
0.04,-1.632888062211702e-09,2.875780729687447e-08,10.001183331064443,1.6323709020937827e-05,3.97215982417265e-05,0.0,-1.6328880622117021e-07,2.875780729687447e-06,0.04367719579570998,0.009415802806740627,-0.0039301955852885555,0.0,411.6086455377032,410.22598117007226,407.94396349727043,411.8741778667841
0.06,-1.0326707067969735e-07,1.2669821126440661e-07,10.002571321316138,0.00022259055895190727,6.283151389461442,0.0,-1.0000129455527394e-05,6.918259667065767e-06,0.09512182937382999,0.0034240094530819526,-0.0007791337579383367,0.0,453.2461136176749,454.00515199394766,454.7141459083556,453.27200887624906
0.08,-2.2533448493359369e-07,7.765257044529139e-07,10.004809529627282,0.00034856709284625254,6.283137989423823,0.0,-2.2066119698622388e-06,5.806448965178496e-05,0.12869900174070203,0.01414747389633869,0.001310190314466858,0.0,437.3848564013024,437.9064841575002,435.29101109795386,437.9743222103979
0.1,-1.4265815042709119e-07,2.871953103617862e-06,10.008101445858754,0.0006315998867592043,6.283184736184269,0.0,1.047424542051249e-05,0.00015147825026470986,0.20049262140641583,0.01373926809976384,-0.005099638724987897,0.0,472.94529822972834,471.4621344031645,472.04586773957897,471.95125060579755
0.12000000000000001,6.848633131562419e-08,7.73723642667639e-06,10.013055755547132,0.0009145975021587205,6.283087799018549,0.0,1.0640202753759047e-05,0.000335050082041143,0.2949383474313949,0.017791984079026907,-0.008279452800810393,0.0,491.8482609425453,491.14147025742363,491.3931562279742,492.29331750904794
0.14,5.100165411054645e-07,1.658362094834935e-05,10.019338234458449,0.0013108732455444638,6.282949017864034,0.0,3.351281822522498e-05,0.0005495883701261529,0.3333095437002148,0.02678487702900622,-0.0009571715305099586,0.0,441.2106905555793,443.02039442788293,440.27805450927497,442.5040879217363
0.16,1.6904981413085174e-06,3.040598779499637e-05,10.026201747669338,0.0018574593730233957,6.282947446080033,0.0,8.45353417950803e-05,0.0008326483145385491,0.3530417773889015,0.03145147898309967,-0.006885349430890585,0.0,424.84065337634644,423.31329612663217,423.06366204329015,424.26736647049546
0.18,3.911418144991489e-06,5.119939067520129e-05,10.033529666678518,0.0025331910378927347,6.282813551087095,0.0,0.00013755665857321684,0.001246691973481943,0.3797501235291675,0.041116062285748496,-0.004124191819281375,0.0,429.9289748025143,430.63023197300197,429.84198127506005,432.29204246312537
0.19999999999999998,7.6038132460425e-06,8.254709541013877e-05,10.04169459501456,0.0033575890949215648,6.282731432600432,0.0,0.0002316828515318842,0.0018880785000118046,0.4367427100749238,0.03907801846211128,-0.003269382221751785,0.0,459.52838413238777,459.7316660847517,458.61441722114756,458.12944433160317
0.21999999999999997,1.3467421568665462e-05,0.00012940735224057102,10.051177326208947,0.004144789772641211,6.282697346596315,0.0,0.0003546779807304121,0.0027979471830314206,0.5115304093636993,0.03571935549070904,-0.011181605716756027,0.0,476.29206921250375,474.4735776819029,474.7832323651333,474.0103237011264
0.23999999999999996,2.186291394842934e-05,0.00019642501890555143,10.062114021887425,0.00486873008623423,6.282474029618221,0.0,0.00048487125724597566,0.0039038194834666185,0.5821391584839528,0.03134826780487698,-0.010387708694709995,0.0,471.4238772323888,471.60797683544814,471.5530675039957,470.53964213885456
0.25999999999999995,3.3307135695031015e-05,0.0002864582634551048,10.074250633444114,0.005495912870326691,6.282395984945886,0.0,0.0006595509174141918,0.005099504971488716,0.6315219971849817,0.03200770392000276,-0.026494198166991126,0.0,454.14387432492725,450.25221671407263,452.1941434082693,452.35378171695794
0.27999999999999997,4.842011128724749e-05,0.00040183053425391747,10.087353982545665,0.006155420704858194,6.28186812781605,0.0,0.000851746641807456,0.0064377221083925466,0.6788129129700512,0.025786167754161985,-0.02850757021610502,0.0,450.5214629157142,450.0327572997003,451.2101886653719,449.701430657197
0.3,6.821806376236933e-05,0.0005434969619110135,10.101065878971685,0.006730809124359638,6.281300271160834,0.0,0.0011280486057047277,0.007728920657317059,0.692376729631901,0.03671000081934119,-0.026365258798102705,0.0,417.4939378473734,418.05395763158793,417.05918313127614,419.91152591010314
0.32,9.52405761409597e-05,0.0007140058052059585,10.11531817685993,0.007498523864444273,6.2807795217553615,0.0,0.0015742026321543092,0.009321963672177438,0.7328530591924672,0.028522849459052816,-0.029986244986774407,0.0,443.87549739020864,442.9831077286724,445.7893984817066,443.7787792236323
0.34,0.00013176448979783132,0.0009161534345187835,10.130108067330092,0.008070553618693133,6.280259791040763,0.0,0.002078188733532852,0.010892799259105065,0.7461359878237588,0.026749285212947605,-0.01733759405983712,0.0,415.97557862775864,419.28452042213905,418.45748842522715,417.99441027344255
0.36000000000000004,0.00017949426606821335,0.0011510190856223006,10.145176375273497,0.008615907410876034,6.279925550005732,0.0,0.0026947888935053513,0.012593765851246651,0.7606948065167599,0.022195586074105062,-0.012335425297219954,0.0,418.4466797049205,419.75087653829746,419.9294699805258,418.74313055913706
0.38000000000000006,0.00024163671889157083,0.0014246907879761274,10.160958011942114,0.009067046172638982,6.279678883024083,0.0,0.003519456388830398,0.014773404384136015,0.8174688603449911,0.025997438328200083,-0.012047243775592348,0.0,459.4474930461062,459.5161494343236,458.48183506768345,459.3870007058581
0.4000000000000001,0.0003209151857482266,0.001743144621648683,10.177880433051996,0.009587068686575329,6.279465603538739,0.0,0.00440839029683518,0.017071978983119518,0.8747732506431042,0.02561338788167654,-0.004608777513076175,0.0,459.07066273816355,460.8378509779976,459.6310650758021,459.5398673285959
0.4200000000000001,0.00041833254913211244,0.002108422973895278,10.195900412213133,0.010191753631736411,6.279390812988099,0.0,0.0053333460415534014,0.019455856241540004,0.9272246654705258,0.03920876853304858,-0.0105053866441244,0.0,457.1940148361262,455.7826770120698,452.7700370188979,456.0392797042846
0.4400000000000001,0.0005337546875506632,0.0025210550874665517,10.214790126265273,0.011053621369419453,6.279184485455147,0.0,0.006208867800301669,0.021807355115587342,0.9617467397435455,0.05167410984580656,-0.007755768514708306,0.0,438.64105863654294,439.32558353624626,437.19001979219064,440.2952370923104
0.46000000000000013,0.0006672754149620267,0.002983015252668123,10.23439827530406,0.012088261138874401,6.2790303737210955,0.0,0.007143204940834682,0.024388661404569797,0.9990681641349876,0.05319566992577993,-0.009172550956046677,0.0,442.2533398554248,441.9032743624463,440.8763037919066,441.2549874672157
0.48000000000000015,0.0008194640503296489,0.0034979156758757845,10.254661679808226,0.0131650400025638,6.27885101126455,0.0,0.00807565859592753,0.02710138091619636,1.0272722862816797,0.058268236371698215,-0.006312983655053469,0.0,432.1833190222348,432.90580715973095,432.76093481881423,434.0417446050605
0.5000000000000001,0.0009920482861026437,0.004073568837811169,10.275799195325002,0.014341258004436419,6.278731780234397,0.0,0.009182764981371947,0.030463935277342133,1.0864792653957498,0.053609207623378174,-0.010062288376658434,0.0,462.1332533188445,461.24602084540663,462.55234751368556,461.45267367082266
0.5200000000000001,0.0011888241825489178,0.004725096069072016,10.29851259099567,0.015433464187292856,6.2785476868723045,0.0,0.010494824663255457,0.0346887878487426,1.1848603016711587,0.05993724529539901,-0.004205257483640979,0.0,495.5278280087224,496.81779361154406,495.07959084577067,496.4758281785622
0.5400000000000001,0.0014096356400023118,0.005455193025865756,10.322601094172368,0.016652526574564952,6.278468890322941,0.0,0.011586321082083951,0.03832090783063135,1.2239900159985067,0.06631180118011536,-0.007463662096336757,0.0,443.60007348592313,442.7968095432554,443.47768772528485,445.048074784644
0.5600000000000002,0.001651543913453788,0.006257557997860968,10.347277422268979,0.01798464045843673,6.278325841126783,0.0,0.012604506263063656,0.0419155893688898,1.2436427936626757,0.06974046280512462,-0.010991847399754947,0.0,426.082497350317,425.1768416681821,424.2878587454418,425.1734327540436
0.5800000000000002,0.0019150307479199082,0.007138044826388502,10.372533179855397,0.019416168986104765,6.278128482129384,0.0,0.013744177183548353,0.04613309348386364,1.2819329649791857,0.07831009191797048,-0.017696763595528506,0.0,444.4376468411946,442.7862432416946,441.4987955442335,443.61838090809704
0.6000000000000002,0.0022015879761330733,0.008105524619312684,10.398517932081528,0.02098241138925605,6.277784622970589,0.0,0.014911545637768142,0.050614885808554576,1.3165422576339476,0.07802525936504422,-0.022185886698138067,0.0,440.77048502522837,439.65626910120875,439.24829769889675,439.182408776198
0.6200000000000002,0.002511684312958392,0.009163916017715375,10.425083345378434,0.022550546769177338,6.277348198018856,0.0,0.01609808804476375,0.05522425403171462,1.3399990720566508,0.0819317136705365,-0.02600499188872054,0.0,429.2545052199342,428.281182559951,428.99164275397186,429.9905907340113
0.6400000000000002,0.0028486041993090083,0.01032618175769278,10.452483290360092,0.024201024416967698,6.276843716308907,0.0,0.01759390059029786,0.0610023199660258,1.3999954261091891,0.0867986170761525,-0.020416051412130924,0.0,462.44643897338096,463.7650355596963,462.8327455007969,463.9854736639881
0.6600000000000003,0.00321733920562196,0.011610549325073312,10.48117860373213,0.02600975238972225,6.276436164810338,0.0,0.019279600040997314,0.06743443677202735,1.4695359110947028,0.09886142199304684,-0.019175463104152288,0.0,471.9571455633182,472.24433038799185,470.30321306668833,473.1032932739032
0.6800000000000003,0.0036200578237691643,0.013025229621003743,10.511144082643906,0.02798906009382751,6.27606167941339,0.0,0.0209922617737231,0.0740335928210156,1.5270119800828024,0.09682217495357384,-0.023423725133536796,0.0,461.3073064102566,460.29997933552136,462.1040234097001,461.6295708928624
0.7000000000000003,0.004060274638793444,0.014585927947489112,10.542580938291323,0.029929588353947878,6.275607277798372,0.0,0.023029419728704877,0.08203623982752123,1.6166735846588554,0.09396393736769285,-0.01811846592163801,0.0,488.17501384915994,489.36106581056146,490.8583224024436,490.2286912464036
0.7200000000000003,0.004534516420727528,0.016280564978041062,10.574753344432617,0.03183656334427276,6.275257944968525,0.0,0.02439475846470342,0.08742746322767374,1.600567029470571,0.10140655021147169,-0.013012295422108754,0.0,388.55527222727557,389.9886439919824,389.42975845998507,391.5213621666632
0.7400000000000003,0.005041149114210834,0.018104347002054103,10.607165167397428,0.03386512585366397,6.275004105860816,0.0,0.026268510883627142,0.0949507391736304,1.640615267010455,0.10047756672183979,-0.009432686299997686,0.0,444.79829805572564,445.6769325139236,446.3833272816952,446.1647194559396
0.7600000000000003,0.0055881390762665874,0.02009283118545596,10.640656601821986,0.035925132236763524,6.274815824393576,0.0,0.02843048532194812,0.10389767916655547,1.7085281754452502,0.11052296852195835,-0.010295540586322796,0.0,471.3742478607929,471.1743126300594,469.91039385219227,472.2486021557742
0.7800000000000004,0.006184024761136492,0.022287831877620082,10.676122073966335,0.03814245812046213,6.274610838943612,0.0,0.031158083165042365,0.11560239004985651,1.8380190389896855,0.1068171586888068,-0.01165595358383074,0.0,522.9651352048409,522.6809501788987,523.4287609432978,522.66337068517
0.8000000000000004,0.006826054482271099,0.024683784930832894,10.713119417781222,0.04028649598659051,6.274402533747473,0.0,0.03304488894841834,0.12399291527142456,1.8617153424989195,0.10289422806180445,-0.018700650246797276,0.0,431.47981303710736,429.69214053830325,432.0105386585696,431.0275217132464
0.8200000000000004,0.007503643112295623,0.02724017629965258,10.750290684310448,0.04236401899289444,6.2740501756276785,0.0,0.034713974054034084,0.13164622161054387,1.8554113104237615,0.10916135580390901,-0.02528166614706222,0.0,402.1118619891128,400.3194776291142,400.2284828674278,401.94638965232787
0.8400000000000004,0.008216703716865512,0.029960163350827036,10.787491086709297,0.04462263207781891,6.273598283426573,0.0,0.03659208640295486,0.1403524835069019,1.8646289294610745,0.09688243330672754,-0.014914301791997993,0.0,414.77103301533424,417.49328771609345,419.3465247838781,416.14595296909886
0.8600000000000004,0.008971321129326632,0.032873176286332954,10.825195070371299,0.04656758429525887,6.273300608319811,0.0,0.03886965484315703,0.15094881004368996,1.90576943673911,0.09306050936579206,-0.013808924861525487,0.0,446.1690448763429,446.4397908448733,449.6212883954291,448.6993960775549
0.8800000000000004,0.009773358104837596,0.03600819711303769,10.863838991756923,0.04844914342089979,6.273044699229205,0.0,0.04133404270793939,0.16255327262678398,1.9586227018232751,0.08668102062054694,-0.02017593461878264,0.0,458.821745972135,457.3029841257057,460.00538044245894,458.49446951295187
0.9000000000000005,0.010623472347122668,0.03937116283012272,10.903357705954136,0.050197734628008917,6.272642811439248,0.0,0.04367738152056769,0.1737432990817194,1.9932487178979323,0.08120912977766691,-0.018369887875951476,0.0,442.1152728051547,442.5614561418816,442.3643637078153,441.0168834572942
0.9200000000000005,0.011522460169125295,0.04296709270520552,10.943670879464507,0.0519161670045607,6.272293334449692,0.0,0.046221400679695004,0.18584968842656008,2.038068633139085,0.06747961551105616,-0.012383107779313555,0.0,451.09680721060494,452.54478854690325,453.1585892453796,449.8409326647586
0.9400000000000005,0.012472326362164951,0.04680526095473259,10.98480274934527,0.053267113431512136,6.2720457625148285,0.0,0.04876521862427065,0.19796713652614806,2.0751183549371324,0.06583394438346735,-0.011958323782635031,0.0,444.9474930027932,445.0519247109697,444.4617962272871,444.06042851223623
0.9600000000000005,0.01347631991537245,0.05090169903807137,11.026915058488354,0.05458432151459114,6.2718121011662635,0.0,0.051634136696479156,0.21167667180772953,2.1361125593713153,0.0648051631537163,-0.008640153477364437,0.0,467.195049955206,467.97063562974773,465.87847708250223,465.64010461570496
0.9800000000000005,0.01454069822424705,0.05528724505551142,11.070458198414043,0.05590277221272277,6.271653332961574,0.0,0.05480369419098066,0.22687792993627573,2.218201433197613,0.0714905853628286,-0.013938240841191583,0.0,485.99169851821443,484.7991023851695,484.59071557371885,486.0986184862166
1.0000000000000004,0.015671263282698973,0.059991880884809036,11.115846672339323,0.05734118224590734,6.271379147701328,0.0,0.058252811654211624,0.24358565299348556,2.320645959330281,0.07563746995933934,-0.010911838165194386,0.0,502.55202584121685,503.2097876679197,502.3636045130946,503.268102507559
1.0200000000000005,0.016864705511783266,0.06500134563200662,11.162698229007976,0.058859447720717384,6.271166988993386,0.0,0.061091411254217604,0.25736082172627234,2.3645097075350185,0.07895893819593633,-0.014398399611806577,0.0,451.40665969713467,450.56197120700136,452.95008271489775,453.7550694659172
1.0400000000000005,0.01811002664403516,0.07026350702722495,11.209978102147112,0.060456929933336845,6.270898507918906,0.0,0.06344070197097196,0.2688553177955622,2.3634776063785554,0.08500930160659724,-0.008155496800407232,0.0,407.62194117314317,409.2922517776081,408.6299032395384,410.2502979627489
1.0600000000000005,0.019408073497830865,0.07578431307787928,11.257660826574757,0.06217020809501861,6.270735399050235,0.0,0.0663639834085986,0.28322528726987206,2.404794836386079,0.09012635731278068,-0.008201699352516101,0.0,449.87480719328613,449.86370283746703,449.60818765166346,450.85598896437676
1.0800000000000005,0.020760874165169224,0.08157612225028599,11.305841031547883,0.06400162831074319,6.270571606583697,0.0,0.06891608332523722,0.29595562997079844,2.4132256609266975,0.0977280767852386,-0.007506687824320763,0.0,418.6853313145003,418.8668056161786,417.66480578915457,419.65634027263053
1.1000000000000005,0.022167337049467842,0.08763786184504867,11.354370391317,0.06596274333290264,6.2704215017890625,0.0,0.0717302051046244,0.31021832950546985,2.439710315984988,0.09410772142853421,-0.007266014386258227,0.0,435.5008158317415,435.5613147621458,437.6838374311906,436.78736596277486
1.1200000000000006,0.02362836667408003,0.09397862640052075,11.403268912247398,0.06788679343227066,6.27028611451677,0.0,0.07437275735659463,0.3238581260417383,2.450141777054835,0.08495396036573877,-0.011723146969493992,0.0,422.13775748986694,420.9824725597514,421.48645505198044,419.11453715847694
1.1400000000000006,0.02514308865360552,0.1005991048636624,11.452419240259157,0.06963750870925267,6.2700643988232265,0.0,0.07709944059595464,0.33818972027242694,2.464891024121027,0.0747916703022475,-0.006673939933427688,0.0,424.2250349721161,425.52381406536307,426.95990056965866,424.35723624041884
1.1600000000000006,0.026714639991779646,0.10751958649005317,11.502003243645742,0.07113417786444654,6.269940332633922,0.0,0.08005569322145788,0.35385844236664954,2.4935093145374476,0.07349880592536062,-0.0023351360976483233,0.0,437.96970367526745,439.0510501130172,439.15275506348945,438.8353845977114
1.1800000000000006,0.028344590873831486,0.11475140348988941,11.55208375326171,0.07260519512281771,6.269899996895857,0.0,0.08293939498372593,0.3693232576169748,2.5145416470595188,0.0720557952781498,-0.0059036046452040645,0.0,433.22101868487397,432.31999828773536,430.70334378623966,430.34146287471344
1.2000000000000006,0.030026452417793295,0.12226375399583282,11.602145519017004,0.07405365119976715,6.269800625652259,0.0,0.08524675941245508,0.381911792977367,2.491634928469887,0.0758872888216104,-0.012019297460507915,0.0,387.65411557020843,385.9263303613921,386.70844444243636,387.79452152206574
1.2200000000000006,0.03176916455241289,0.13011068838703466,11.652831622157516,0.07557567804759469,6.269568445404296,0.0,0.08902445404950433,0.40278164614281853,2.576975385581193,0.07881340276186345,-0.01607039638468868,0.0,489.9052514071081,489.0009333888575,490.01526038979085,490.6713111266145
1.2400000000000007,0.03357878455516584,0.13832771779605654,11.704543181059405,0.0771916598449982,6.269254571960452,0.0,0.09193754622579038,0.41892129475936857,2.5941805046078135,0.06990119291621473,-0.012188519557363895,0.0,427.9373226790667,428.9275444936667,429.56455890175897,427.2965563780219
1.2600000000000007,0.03544878049866339,0.1468789565247519,11.7567018588515,0.07864889823006305,6.269017798113655,0.0,0.09506204812396479,0.43620257811016805,2.621687274601593,0.08078370427530579,-0.015929253268868723,0.0,439.05684825385407,438.12493140077834,436.97908642090727,439.6959240436693
1.2800000000000007,0.037380521482375736,0.155771986273784,11.80932068838997,0.0803428976982472,6.268705094380827,0.0,0.09811205024727006,0.4531003967930407,2.640195679245593,0.06826768392713226,-0.019358927466311578,0.0,430.9142856667432,430.0437300795873,431.0855523807603,427.9065355112107
1.3000000000000007,0.03937980154647087,0.16503909886985638,11.862713198315781,0.08170846781672925,6.268318621142228,0.0,0.10181595616224322,0.47361086281419823,2.6990553133354487,0.06892562000237366,-0.018171231606032484,0.0,467.31401336657717,467.59172676630436,467.72820360533524,467.88515256902497
1.3200000000000007,0.04144991185191771,0.1746966231179814,11.916998656674338,0.08310375010350235,6.267968518548823,0.0,0.10519507438244087,0.4921415619983028,2.7294905225201402,0.06313426666734524,-0.013009441467533245,0.0,440.8197876417045,442.09760663461486,442.9886011349955,441.5612672051661
1.3400000000000007,0.04358569758008738,0.18471315614645398,11.971715610909257,0.08436672727587169,6.267719392349541,0.0,0.10838349843452642,0.5095117408489555,2.7422049009716662,0.06389825491661615,-0.017713191050110728,0.0,425.29198140637504,424.0817219540482,425.20659702650465,425.4059897801904
1.3600000000000008,0.045783999135467164,0.19507003684194874,12.02657236592064,0.08564486761602552,6.267376344204671,0.0,0.1114466571034522,0.5261763287005197,2.7434706001664697,0.06330623832583873,-0.022449365905878017,0.0,414.50094478086214,413.2504340675573,413.6044214677709,413.45128791735164
1.3800000000000008,0.04804442737287071,0.20576369981804032,12.081465866814533,0.08691378972287112,6.266941283321257,0.0,0.11459616663690156,0.5431899689086388,2.7458794892229443,0.06094093059568832,-0.027726947682494944,0.0,416.02871494072605,414.64003300192854,414.76150362712275,414.1410578276886
1.4000000000000008,0.05037238656357619,0.21681975428820124,12.136632661168571,0.0881372699218117,6.2663880405977395,0.0,0.11819975243364673,0.562415478107452,2.770799946180898,0.05788754328754013,-0.029337059562235028,0.0,436.8953456558348,436.4922151785924,437.69464382679655,436.9343485859326
1.4200000000000008,0.05277584704319049,0.22827452625619193,12.192428221043617,0.08929549639389478,6.2658130285021585,0.0,0.12214629552778317,0.5830617186916163,2.8087560413236643,0.058862844607235405,-0.024493693860073343,0.0,448.8174879306356,449.9949758978634,449.3698719683076,449.609265225346
1.4400000000000008,0.0552529829785845,0.2401109854735172,12.248603935361285,0.0904899432375581,6.265342260552604,0.0,0.12556729801161767,0.6005842030409104,2.808815390443058,0.06472628242452313,-0.030675267712682846,0.0,413.64165854018154,412.00514980036166,412.37457633794105,413.9282102466885
1.4600000000000009,0.05780983347825327,0.25235269927249243,12.305359256624087,0.09179984127142227,6.2647346368798225,0.0,0.1301177519552596,0.6235871768566112,2.8667167358371155,0.07027107915178664,-0.027245491780581648,0.0,467.9820988752345,468.7820452299594,466.709535471775,468.00888882993723
1.4800000000000009,0.06044847366054456,0.26500425793818877,12.362691162279338,0.09323410937673149,6.264198194505646,0.0,0.13374626627386949,0.6415686897130269,2.8664738296881263,0.0626754853930728,-0.03136069807824881,0.0,413.5551064644921,412.46598795258365,414.16383251923554,412.1589582673539
1.5000000000000009,0.06316903264593038,0.2780588748563278,12.42045282450317,0.0944876202588576,6.263571182035079,0.0,0.13830963226471138,0.6638930021008774,2.9096923926951415,0.06262702377158604,-0.03199550670965151,0.0,455.15722547975736,455.0044670292754,454.84050568218095,454.83160423869634
1.520000000000001,0.06597651922244623,0.29153480988148806,12.478781863906892,0.09576857760904467,6.262952558040613,0.0,0.1424390253868733,0.6837005004151515,2.923211547676891,0.07016583995919762,-0.03852025034107271,0.0,427.89634518599115,426.22629165147447,426.1704493308689,428.1022469867792
1.540000000000001,0.06886003050256205,0.3053723618815669,12.536994125254028,0.09717421666129411,6.2622013575009206,0.0,0.14591210262470822,0.7000546995927321,2.8980145870366667,0.06801072833093588,-0.044717744532810404,0.0,389.25257615474015,387.50773658383247,386.92071848952645,386.3161021171852
1.560000000000001,0.07182071770629794,0.31956904894269283,12.595006902962401,0.09856835867524527,6.261312820068605,0.0,0.15015661774888067,0.719614006519861,2.9032631838008767,0.05977332008171028,-0.04130674516577742,0.0,418.24252170119627,419.1315515932719,420.27819140866956,418.1345802071998
1.580000000000001,0.07486720956132407,0.334155698724378,12.65308418211687,0.09978079852125088,6.260488441744263,0.0,0.15449256775373318,0.7390509716486537,2.9044647316461547,0.06559971594388052,-0.039432403162190585,0.0,415.1066158713751,415.5987343452091,413.8105651977246,415.34919352782083
1.600000000000001,0.07801477452062701,0.34918923522592826,12.711742785580737,0.10109794533306271,6.259700291642984,0.0,0.16026392817655957,0.7643026785063767,2.961395614740516,0.06880985392677927,-0.03843444327861994,0.0,466.39774410926924,466.63081234569586,468.7037479074758,469.4545392906001
1.620000000000001,0.08127767552723791,0.3647220728564413,12.771450920065329,0.10249405134738687,6.258932186506232,0.0,0.16602617248453158,0.7889810845449281,3.0094178337186652,0.07511999430378472,-0.03735395374006314,0.0,460.4239646415083,460.6796815129076,458.935880818862,460.4393883600617
1.640000000000001,0.08465803143315011,0.38075319518292267,12.832132498131056,0.10400698829984378,6.25821703926033,0.0,0.17200941810668766,0.8141311481032056,3.0587399728540667,0.07971065142046417,-0.029362479670973142,0.0,460.84430707035887,462.734864570629,460.88634243348804,461.97774961706676
1.660000000000001,0.08816086279423335,0.3972953174512907,12.893841820839732,0.1056049627931337,6.257629906353152,0.0,0.1782737180016366,0.8400810787335973,3.1121922980135586,0.07696785544535428,-0.02887939325634521,0.0,465.9631159425305,466.0761845213529,465.6258429197085,464.9864620109385
1.680000000000001,0.09179473725271868,0.41437803013528124,12.956786485033188,0.10714540838123376,6.257054177531945,0.0,0.18511372784689561,0.868190189665451,3.182274121331961,0.07549240351952845,-0.026951158873043425,0.0,481.12756961375084,481.56517095125463,480.2486431068445,479.9169989097404
1.700000000000001,0.09556224599218865,0.43200770103737857,13.020953347016595,0.1086565188954296,6.256599963198999,0.0,0.19163714610010069,0.8947769005442822,3.2344120770089093,0.07708139301298177,-0.013927423271089697,0.0,463.527948935404,466.5882125928761,465.33772217260577,465.71493544633506
1.720000000000001,0.09945243629721871,0.45013641172856594,13.085829152463145,0.11022756423008673,6.256351817514435,0.0,0.19738188440290494,0.9180941685744551,3.253168467646025,0.06941099870797518,-0.02172521537648638,0.0,434.8206377972853,432.85647866348774,436.35337745200616,434.43294790680403
1.740000000000001,0.1034595496715533,0.4687408960891168,13.151135106733044,0.1117684793238265,6.25592066214238,0.0,0.2033294530305528,0.9423542674806331,3.277426959343898,0.08688641684776123,-0.024313239902939248,0.0,440.4639831333244,439.82138294599866,437.7950106287313,442.13946000822204
1.7600000000000011,0.10760839995549668,0.4879231880532749,13.217721424642527,0.11362608756525194,6.255437827337371,0.0,0.21155557536378564,0.9758749289351776,3.381204831604439,0.07140223753659203,-0.021694082385640957,0.0,509.79177504198424,510.35292204951605,512.2028322327177,508.89367907526133
1.7800000000000011,0.11189672698420595,0.5076731272128627,13.285434022432744,0.11507037658220387,6.255004607128864,0.0,0.2172771275071421,0.9991189870235986,3.3900549474172186,0.07710210880177877,-0.02284424690147779,0.0,426.2796964575219,425.9846950276292,425.3698087997468,426.8358557628272
1.8000000000000012,0.11631499592345453,0.5279503694829054,13.353838531164312,0.11664799872124565,6.254550918756365,0.0,0.2245497664177155,1.0286052399806653,3.450395925739666,0.06866647450357384,-0.020315782730567916,0.0,473.7298577270141,474.31278015399386,475.22705562806374,473.2875346101009
1.8200000000000012,0.1208618255417529,0.5487479059808227,13.422823134775285,0.11802573337635369,6.25419289395327,0.0,0.23013319541212116,1.0511484098110555,3.4480644353575496,0.06569825448585793,-0.010488183683387038,0.0,413.39394831563715,415.98390247817554,416.8677185322668,416.09274885386264
1.8400000000000012,0.12552934116328643,0.5700326703739655,13.492045802202078,0.11934065292563112,6.254027493554274,0.0,0.23661836674123207,1.077328029503238,3.474202307321714,0.06431661809378697,-0.0010687065566784247,0.0,442.46154602442755,444.78213827689416,443.34597312466025,443.0084765578335
1.8600000000000012,0.1303220484059962,0.5918239388129184,13.561624883895242,0.12074312487815142,6.254019193418792,0.0,0.24265235752974285,1.1017988143920416,3.4837058619947503,0.07955732612486367,-0.006182217219649189,0.0,427.7634039101308,426.45500902283857,426.1968665414854,430.0903582670659
1.8800000000000012,0.13523107345383342,0.6140893478892534,13.631244924889366,0.12237328651432389,6.253895710188317,0.0,0.2482501472539776,1.1247420932414622,3.478298237417686,0.08839079811214424,-0.005614566060359422,0.0,413.4173087502167,413.56744054060965,411.1015788252257,413.44880908742886
1.9000000000000012,0.14026692801392837,0.6368776333808929,13.701252501100727,0.12414156135877441,6.253783478780733,0.0,0.2553353087555173,1.1540864559224853,3.5224593837184575,0.08743279789561405,-0.005268405336912392,0.0,460.4222176277025,460.5044720853124,460.6405139227666,460.41937632992193
1.9200000000000013,0.14543205536400736,0.6602034969276298,13.771714442958716,0.12589590838242604,6.253681877158257,0.0,0.26117742625237933,1.1784998987512088,3.523734802080557,0.08405905642960323,-0.00801303072577037,0.0,420.0566086771251,419.3420141559947,420.79482056255875,419.92451137301316
1.9400000000000013,0.15072418014925706,0.6840633562379141,13.842536293708267,0.12757712290289014,6.253530937219779,0.0,0.2680350522725911,1.207486032277231,3.558450272874504,0.0843174819409468,-0.012330593935525892,0.0,452.24599594894636,451.20156638172,452.77275953465823,452.84076697994885
1.9600000000000013,0.1561433438588898,0.7084618438669352,13.913702285786114,0.1292646697689106,6.253330157964658,0.0,0.27388131869068316,1.2323627306248681,3.558148934910187,0.08586488441067923,-0.02190479088249804,0.0,420.26311636453335,417.76607627405826,418.49762599718144,418.9078214690492
1.9800000000000013,0.16167888021630322,0.7333569791617759,13.984830555566743,0.13098196885792568,6.252901317360713,0.0,0.2796723170506581,1.2571507988591917,3.554678043152666,0.08581195423776526,-0.01760241625787756,0.0,415.51273824271016,416.64276166536723,415.4177209740023,415.41043376914024
2.0000000000000013,0.16734065827893005,0.7587924198026577,14.056202984345976,0.13271185603676106,6.252552352651193,0.0,0.2865054892120232,1.286393265228985,3.5825648347706496,0.08058737883305288,-0.01511902517424494,0.0,446.5215106848137,447.1289812626669,446.4712130483271,445.19656505179364
2.0200000000000014,0.17314691076487324,0.7848468034199795,14.128360014160808,0.13438900237375062,6.252252887281273,0.0,0.29411975938229645,1.3190450965031981,3.6331381467127093,0.0691507044625731,-0.017533619783813494,0.0,468.35570468898277,467.79206477087354,468.14219481031245,465.4696165691223
2.0400000000000014,0.17911833688565126,0.8116108316043557,14.201917091003988,0.1357866457115673,6.251902694579671,0.0,0.303022852695505,1.3573577219344224,3.7225695376052896,0.0637415920463956,-0.016554136170073855,0.0,500.80926084154993,501.0230638178091,502.71207901527305,501.53784805232664
2.0600000000000014,0.18524161252851554,0.8390272216225844,14.276400592404434,0.137089187787498,6.251571844406627,0.0,0.30930471159092465,1.384281279888454,3.725780602439253,0.07118608464202227,-0.017236119097070374,0.0,424.02666374574665,423.85092501237267,423.0278292130479,424.9499259125799
2.0800000000000014,0.1914886748780327,0.8669736766079549,14.35086939100131,0.13851599405888582,6.251232018298376,0.0,0.31540152336079347,1.4103642186485987,3.72109925724841,0.07366986343544396,-0.014106814480913586,0.0,416.35981582681995,417.18046830344355,415.2381177151866,415.89559974344354
2.1000000000000014,0.19785528465612584,0.8954312357944978,14.425150071761921,0.13999881856291196,6.250954283747284,0.0,0.3212594544485213,1.4353917000056937,3.706968818812711,0.078012036927435,-0.017073879874781085,0.0,406.09655772718537,405.2973541032811,406.83509387743567,408.0046457210892
2.1200000000000014,0.20436777416730165,0.9245140066851032,14.50001445157199,0.1416628762735126,6.250616478631445,0.0,0.3299894966690566,1.4728853890548463,3.779469162194377,0.06360252811887156,-0.019784039153057688,0.0,488.0497886311702,487.4426547619205,489.7198863194324,486.49792077743314
2.1400000000000015,0.21103403375623947,0.9542567456600692,14.575667660414075,0.14294860974225188,6.250221463253013,0.0,0.33663646222472365,1.5013885084417637,3.785851722013974,0.06883376245923196,-0.020937646216888116,0.0,427.7771726053076,427.48236251521246,427.3859683511234,428.7247002411427
2.1600000000000015,0.21784994296419058,0.9846407003587342,14.65192573151357,0.14434381912641658,6.249802791910536,0.0,0.3449544585703863,1.5370069614247353,3.839955387935653,0.07492213415942822,-0.021341581510187523,0.0,472.9064823353515,472.81316369864174,471.48968225160166,472.9020730077301
2.1800000000000015,0.22483154872243483,1.0157329445977217,14.729214602865733,0.14584385383688048,6.249381995661279,0.0,0.3532061172540381,1.5722174624740153,3.8889317472806986,0.07313774223211572,-0.01786728130809834,0.0,468.8039186023637,469.61317213379033,467.81511717476513,467.40217334293123
2.2000000000000015,0.23197527890331296,1.047515940716567,14.807367129371544,0.14735593723519358,6.249041435023081,0.0,0.36116690083377523,1.606082149410526,3.9263209033002746,0.06320511381155315,-0.023661241605354776,0.0,458.9438890318772,457.5621736644648,459.5991616752613,457.2351641356278
2.2200000000000015,0.2392656374669661,1.079922045045541,14.885879419540265,0.14863153981246668,6.248568823035924,0.0,0.36786895553153937,1.6345282834868498,3.9249081135718664,0.058409219517075665,-0.02255413280191809,0.0,421.5074657193642,421.794332723174,422.1995347347708,420.9593765127295
2.2400000000000015,0.24670109227242237,1.1129426761032295,14.964652498081461,0.1498032868308652,6.2481359958057645,0.0,0.375676525014089,1.6675348222820243,3.9523997405477793,0.05573990198000424,-0.028596553819787263,0.0,450.31154099268673,448.8426470767519,449.95891949091975,449.3124414688801
2.2600000000000016,0.2542948788915867,1.1466309900408267,15.044009190219521,0.15092084112154325,6.2475726189559975,0.0,0.38370213690233956,1.7012965714776869,3.9832694732580674,0.05339203014461859,-0.02446031721437383,0.0,452.21456929699957,453.21288246202266,453.6594562482024,453.09552369980173
2.2800000000000016,0.26204149117916387,1.1809589833179328,15.12373395910761,0.1520177396926634,6.2470884544526,0.0,0.3909590918553795,1.7315027562329315,3.989207415550886,0.04576864923746216,-0.02763579856059284,0.0,430.4958531803118,429.68882525323096,430.05331641870663,428.1135675978545
2.3000000000000016,0.2699250621865773,1.2158546645900346,15.203326437979188,0.1529372196581109,6.246535815037632,0.0,0.39739800888596377,1.7580653709772518,3.97004047160691,0.04290264829585722,-0.028027094471172898,0.0,404.9291336456711,404.82323445277717,404.2526103340229,403.4784763981814
2.3200000000000016,0.27794916816970233,1.2513277465148307,15.282825840050272,0.15379579290475576,6.245982078079358,0.0,0.4050125894265417,1.7892428215023726,3.979899735501436,0.0418825691537983,-0.03171624915754072,0.0,433.46634255389426,432.5349607026621,434.0530996401112,433.7972398307209
2.3400000000000016,0.2861253829831559,1.2874204190040899,15.362486943256872,0.15464879016151478,6.245356238768371,0.0,0.41260889191881034,1.8200244274235595,3.9862105851585534,0.03634255585363968,-0.027596620008101154,0.0,429.26093762776196,430.30813095929756,431.22702758600144,429.8216694369739
2.3600000000000017,0.29447699377811565,1.3242205177495916,15.44285351675091,0.15538241686665177,6.244836038797475,0.0,0.42255218757716234,1.8599854471266069,4.050446764245197,0.040023748069319506,-0.019630136559849014,0.0,482.29037100170063,484.09209927749123,483.7423826175834,484.57380625210584
2.3800000000000017,0.3030084817370795,1.361739384561975,15.523980570403323,0.1561893505322054,6.244457987727786,0.0,0.43059660831921925,1.89190123411173,4.062258600996012,0.04361782769207167,-0.025024886138645865,0.0,436.9517936756827,435.6003882779071,435.7164148377359,436.61784252111704
2.4000000000000017,0.3116952657695354,1.3998723638115427,15.605181103687121,0.1570662894229793,6.243969105189354,0.0,0.4380817949263691,1.9213966908450508,4.05779472738376,0.04059050645610059,-0.02984467541654057,0.0,420.9711810342782,419.71786206600433,420.81128803835855,420.02548548558013
2.4200000000000017,0.32055327036072745,1.4386786879766775,15.686810197516099,0.15787852292756455,6.243389815909088,0.0,0.44771866419283296,1.9592357256684532,4.105114655513925,0.03967031575509243,-0.023911004029372202,0.0,468.46516225127334,469.84717411116867,469.8848776221123,469.67156357575834
2.4400000000000017,0.32958637533583657,1.4781682296053356,15.768912820377338,0.15868990717651865,6.242915463500314,0.0,0.45559183331807823,1.9897184371973613,4.105147630610017,0.04566663693594478,-0.02669225260304226,0.0,426.0572179259729,425.34307687888685,424.2902707326127,425.83293036623706
2.4600000000000017,0.3387796479406946,1.5182756698917328,15.851059394412582,0.15961925293081158,6.242420871203809,0.0,0.4637354271677255,2.021025591442359,4.109509772914416,0.051325791567808005,-0.03555258618102211,0.0,431.03882528911606,428.7861709281433,428.81676890686674,430.257991048005
2.4800000000000018,0.34814572100318975,1.5590456345805954,15.933509299096988,0.16069881817913956,6.2417150213782815,0.0,0.47287187908179357,2.0559708774439076,4.135480695526095,0.04102536274455083,-0.03232709456166796,0.0,450.0960303643487,450.87801892628966,451.84392858676995,449.3472325109464
2.5000000000000018,0.3576971345690011,1.6005205797667486,16.01650287819839,0.1615429575771472,6.241070275322873,0.0,0.48226947749934235,2.0915236411714084,4.163877214614373,0.034150460110031415,-0.0342222651732763,0.0,453.11439011802946,452.65667752104355,454.1567156604314,452.50012550735954
2.520000000000002,0.36742336094792133,1.6426524422733424,16.099722316296987,0.16223545188177457,6.240405140865796,0.0,0.4903531603926844,2.1216626094879776,4.158066595245263,0.03850593997491123,-0.040436900543238306,0.0,420.58827662357334,418.9696762997011,420.446795230581,421.5780146843033
2.540000000000002,0.3773264934599799,1.6854407400345541,16.183147267663188,0.16301400955580636,6.23961030766494,0.0,0.4999600908131692,2.1571671666331973,4.184428541374785,0.04261419374836199,-0.045710383265203255,0.0,452.1390666595724,450.86173689873203,451.1048161438834,452.0997437582291
2.560000000000002,0.38743282380924765,1.7289750436313003,16.267309182860657,0.1639312805755191,6.238747828616891,0.0,0.5106729441136091,2.1962631930414074,4.231762978372314,0.03121356703353354,-0.03553899031672063,0.0,469.831901614781,472.1909086737535,472.3597033228457,469.7154098802123
2.580000000000002,0.3977495757288667,1.7732712993210706,16.35228536568396,0.16455892631835756,6.238038463084095,0.0,0.5210022478482934,2.233362375935644,4.265855303958203,0.033811413129057694,-0.033857161823957975,0.0,459.87563878814484,460.27465302216933,458.59147985301485,459.21048390404474
2.600000000000002,0.4082608050410475,1.8182607455804134,16.437642939107157,0.16528062739780935,6.237364473186576,0.0,0.5301206833697849,2.265582249998642,4.2699020383613995,0.024274871106853675,-0.031345851823326464,0.0,430.852693556613,431.4887609151256,432.81334610786274,430.3989497332786
2.620000000000002,0.41895941345384463,1.86390877912213,16.52315993210396,0.16582405705740033,6.2367404926836585,0.0,0.5397401579099332,2.2992211041730273,4.281797261319031,0.01351083492579798,-0.03376929299254921,0.0,439.82235476512506,439.21937612312706,440.0536316864545,437.37215552420076
2.640000000000002,0.4298670921985729,1.9102849468032475,16.609241078382137,0.16610435414542124,6.236110776076167,0.0,0.5510277165628933,2.338395663938709,4.326317366498227,0.018000910538731717,-0.02421217497933067,0.0,468.5916639793622,470.8150327812411,468.97776745152635,470.02284859568533
2.660000000000002,0.441010875251272,1.957475857596416,16.696397479229322,0.16646524441434885,6.235650918082484,0.0,0.563350588707019,2.3806954153781485,4.38932271822033,0.01668026058289252,-0.031195799526064813,0.0,487.44237187647167,485.8740170747459,486.18699966240314,485.88994240156114
2.680000000000002,0.4523833552384208,2.005447268794978,16.78442104800194,0.1668087587739029,6.235073746003277,0.0,0.5738974100078638,2.41644570447805,4.413034159041494,0.021132035037166066,-0.02152688942062129,0.0,450.2211362701484,452.56190275676295,451.1862927267114,452.2632935410023
2.700000000000002,0.4639835896632949,2.0541876282276856,16.873237244657847,0.1672424841377449,6.234653433044802,0.0,0.5861260324795405,2.4575902387926862,4.468585506549164,0.016423603642528612,-0.01700475940549652,0.0,480.47833134913736,481.5058876335098,480.87915623642994,479.80781612306816
2.720000000000002,0.4758214720941839,2.103724199512038,16.963002426079964,0.16757986897525967,6.234319879609842,0.0,0.5976622106093643,2.4960668896425484,4.507932635662632,0.020645632695928343,-0.013387646426414492,0.0,465.90270010603217,466.75053766567015,466.69471548227506,467.6823018566912
2.740000000000002,0.4878846258348426,2.154009417346201,17.05342897760132,0.16800248583510147,6.234054561486335,0.0,0.608653163456502,2.5324548937737483,4.5347225164730665,0.02505113060714287,-0.015594365720718102,0.0,455.6876525431346,455.1581982569296,455.3815107660745,456.4376004096941
2.760000000000002,0.5001694068035922,2.205027083807956,17.14441598566686,0.16853305674064778,6.2337587848849285,0.0,0.6198249334184643,2.5693117524017595,4.563978290080911,0.0327385610496107,-0.02127075771003074,0.0,459.04432890349,457.69094703009694,457.21670927430245,459.05073026633676
2.780000000000002,0.51264594383905,2.256673007130551,17.235343678200305,0.1691882973926857,6.233335033669288,0.0,0.6278287701273073,2.5952805798577487,4.528790963263588,0.03176961208696001,-0.019446510708609064,0.0,395.0370810866181,395.54143622969974,394.4154879838578,394.14744070681496
2.800000000000002,0.5253114912126717,2.308934310960574,17.326125988032935,0.1698279504216602,6.23294682414436,0.0,0.6387259672348586,2.630849803144579,4.54944001999935,0.02885043849305745,-0.018245936476542775,0.0,450.28883840728173,450.58019513850445,450.623432846718,449.9152052818297
2.820000000000002,0.5382001144409665,2.3619223940676357,17.417405481332263,0.17040533962365867,6.232612964748538,0.0,0.6501363555946189,2.66795850756159,4.578509309933599,0.027978163149716646,-0.010364396816075611,0.0,456.9105767905504,458.792061578165,459.1492564529452,458.94178439603957
2.840000000000002,0.5513165643205532,2.4156497393115273,17.509244476633814,0.1709725984258803,6.23241754548474,0.0,0.6615086323640494,2.7047760168275805,4.605390220221463,0.02405501665048441,-0.01523649544473482,0.0,458.04381605477937,456.87992660379257,456.5445599659584,455.60459038798865
2.860000000000002,0.5646453081135662,2.470062108581919,17.601319137943676,0.1714539117917564,6.232129247074047,0.0,0.6713657469372486,2.7364609102116066,4.602075910764812,0.024707753758882706,-0.009503869832969958,0.0,428.3072396597103,429.7677164243778,427.40130787832476,427.56829268458375
2.880000000000002,0.5782125296382605,2.5252448366999944,17.694114186039926,0.1719524767008096,6.231961404111249,0.0,0.685356405532188,2.7818119015959373,4.677428898860192,0.02173796121540984,-0.002835371671954897,0.0,499.0470013066342,500.5054130841132,500.44166491965063,499.7926854387651
2.900000000000002,0.5920116733157329,2.581174170391296,17.787487555895485,0.17238915005204536,6.231904698713322,0.0,0.6945579622150506,2.81112146753422,4.659908086695979,0.019781368806207494,-0.002899176244238782,0.0,413.996890932192,413.98010253036216,416.04862385526974,415.5343397255959
2.920000000000002,0.6059995355742089,2.637705405576874,17.880599173171117,0.17278513545241925,6.2318585741720085,0.0,0.7042282636325428,2.8420020510235635,4.651253640867216,0.018935172316073993,-0.007769285805912074,0.0,424.3913087907141,423.1352556996297,423.7984668920445,423.5801622631449
2.940000000000002,0.620170584175346,2.694820098258777,17.973340736115944,0.1731654711787156,6.231704272832808,0.0,0.712876596481156,2.8694672171667794,4.622902653615594,0.02074198164458006,-0.009241954755627125,0.0,403.89182947676875,403.4932125138263,403.2204025119355,403.70986258537005
2.960000000000002,0.6345403805418205,2.752569648108825,18.066003796628834,0.17359276178841565,6.231519944097585,0.0,0.7241030401663007,2.90548776783799,4.6434033976733415,0.02573216737431931,-0.008231647980013707,0.0,451.5608294417771,451.8054217180766,451.05513222668156,452.26267079906194
2.980000000000002,0.6491253655593713,2.8110075630569327,18.158891867791954,0.17410864991908692,6.231356375904632,0.0,0.7343954615887727,2.9383037269727716,4.6454037186386445,0.024154331397744724,-0.006772355926684107,0.0,435.00417254686124,435.3707900406831,433.5703854267338,433.1725933002428
3.000000000000002,0.6639335258487978,2.8701591657677703,18.252143291746425,0.17461580857319703,6.231224267713639,0.0,0.7464205673538862,2.9768565441109938,4.6797386768083005,0.017215739875662765,-0.009356510542870379,0.0,465.00862613219937,464.4009641889268,465.6962966382846,464.06505914596204
3.0200000000000022,0.6789787281657784,2.9300699835700916,18.346010678726877,0.17496269599172098,6.231121758534984,0.0,0.7580996643441748,3.0142252361211357,4.707000021237214,0.019484052469130132,-0.022365817380882155,0.0,459.671068916717,456.5675044215853,459.02243442813113,459.56212501046326
3.0400000000000023,0.6942548903941236,2.990718977304142,18.440370087341673,0.1753843109458746,6.2306785671223786,0.0,0.7695165584903451,3.0506741372838944,4.728940840242341,0.011492318643384134,-0.019493558683151918,0.0,453.4840103274633,454.17572543934335,455.3326328857328,453.4102226375429
3.0600000000000023,0.7097532060046936,3.0520736110665876,18.535034606252278,0.17563142892268768,6.230288698803534,0.0,0.7803150025666495,3.084789238960678,4.737511050818191,0.005614971632184768,-0.019417996550913776,0.0,441.3938460329184,441.4125933283115,442.8532680592059,441.400215512744
3.0800000000000023,0.7254695121456343,3.1141145653772284,18.62989372321684,0.175754646262126,6.229916793666575,0.0,0.7913156115274181,3.119306192103438,4.748400645637584,0.01028785228438323,-0.013681308645685543,0.0,443.69859144363596,445.10952137731545,443.2859725934787,444.4365360349385
3.1000000000000023,0.7414471757880262,3.176978633668103,18.7257204182236,0.1759892273028223,6.229709322087162,0.0,0.8064507527117779,3.16710063698402,4.834268855038544,0.017880479630506194,-0.0021787355856864848,0.0,509.3113489653271,511.77386230729815,510.09678202696557,511.72084099014734
3.1200000000000023,0.7577056510827451,3.2407252229151116,18.822851643640526,0.17644465041554458,6.229678216901421,0.0,0.8193967767601124,3.2075582877168403,4.87885368665432,0.03186715329595464,-0.0071726370610771025,0.0,476.1992368916236,475.0517173759114,475.0889304782709,478.295688715367
3.1400000000000023,0.7742156749150897,3.3052572068711963,18.920738452411733,0.17708712428479423,6.229537631289691,0.0,0.8316056064743479,3.2456401078916235,4.909827190466485,0.035070527557614264,-0.009567268344807893,0.0,464.5903991792043,464.0268242289416,464.14040418190405,464.8944485789724
3.1600000000000024,0.7909400544581995,3.370452953990516,19.0186928205779,0.1777885476471388,6.229347158525744,0.0,0.8408323478366291,3.2739346040403405,4.885609626150219,0.035230597494751,-0.008246205931449532,0.0,411.92460064200276,412.27510388512144,410.87374278099105,410.91695968404355
3.1800000000000024,0.807882423498689,3.436324052089477,19.11676848941428,0.17851095366371617,6.229182681113414,0.0,0.8534045562123246,3.3131752058557775,4.921957257487662,0.029265018447848568,-0.007301000876719136,0.0,469.0829771415235,469.3032812618968,470.5589958883166,469.1717898162301
3.2000000000000024,0.8250568113781259,3.502916112165339,19.215211044943036,0.1791220642970588,6.229039327396983,0.0,0.864034231731375,3.346030801730439,4.922298295387654,0.022080275670870217,-0.004991758098981815,0.0,435.9014142454182,436.4801706910259,437.39099078555216,435.59216535325476
3.2200000000000024,0.8424570006999597,3.570208502652117,19.31389579456902,0.1795681670952547,6.228956548578729,0.0,0.8759847004519944,3.383208246947338,4.946176667210616,0.019081180881286283,-0.01083236486964046,0.0,459.0903442790672,457.6978212983458,459.3604253488185,458.64628182903533
3.2400000000000024,0.8600862927675725,3.6382117409745867,19.412876052812422,0.17995260918038802,6.228744092937514,0.0,0.8869445063092917,3.4171155852996438,4.951849157129487,0.021455403915196413,-0.00793696984402362,0.0,441.93541462180025,442.65104886258007,441.2215285905262,441.8092352486793
3.2600000000000025,0.8779372939851955,3.7069002209621207,19.512008109119392,0.18039659129951957,6.228589532777287,0.0,0.8981556154530133,3.451732413453733,4.96135647356775,0.026909584115278697,-0.005045867406147368,0.0,444.9192990020415,445.62908086504206,445.45830202777756,446.79455488793883
3.2800000000000025,0.8960123547288997,3.776279860390423,19.611322436489825,0.18093615783516093,6.2284911509997105,0.0,0.909350458917416,3.4862315293765094,4.970076263475633,0.025251360164455904,-0.007297786830444691,0.0,445.1031880901256,444.5499536038264,445.6411323451698,445.2344069873397
3.3000000000000025,0.9143211595732116,3.84638179760342,19.710985286376534,0.18157682070864833,6.228349784796372,0.0,0.92153002551377,3.523962191923164,4.996208725195316,0.008781043215590534,-0.004268089396687023,0.0,460.9275099395116,461.6454872510365,463.8024033707065,459.9047677948019
3.3200000000000025,0.9328536808247634,3.9171728560530417,19.810809742896776,0.18180646094862585,6.228266811914626,0.0,0.9317220996414031,3.5551436530390115,4.986236926828625,-0.0016131258869513786,-0.006453910152008921,0.0,427.89505428502673,427.3364231291295,428.79961853596245,426.14177978988414
3.3400000000000025,0.9516213991423106,3.9886900515777857,19.910993977907182,0.1817794869284839,6.228145454213582,0.0,0.9450497321133161,3.5965758994353982,5.032186574212135,0.0016391033782361753,-0.002524405858625984,0.0,480.24431490649,481.1378922261344,478.3817357521429,479.1242389250566
3.3600000000000025,0.9706202551533301,4.06091806937869,20.011460805504537,0.18183179758903734,6.228116073417528,0.0,0.9548358689886237,3.6262258806550975,5.014496185523117,0.007888678241965302,0.0039728737440897725,0.0,420.21125123057817,421.89794585727964,418.84430112435444,420.4720070577752
3.3800000000000026,0.989818752555988,4.133751303533036,20.11164396955105,0.1819896701087158,6.228244194692685,0.0,0.9650138712771624,3.657097534779497,5.003820219128067,0.007443807834889323,0.013838348925385933,0.0,424.6934152666076,427.22483932444965,428.5588650546291,428.4452741327068
3.4000000000000026,1.0092492217583384,4.207296029335831,20.21212727256192,0.18218347790808398,6.228522715051879,0.0,0.9780330489578825,3.6973750454999186,5.044510081958784,-0.0020358169119705,0.015710983799665727,0.0,473.91004281286064,474.3416035993938,477.739584026954,475.56576995910984
3.4200000000000026,1.0288964115935806,4.281503901376122,20.3126530109346,0.18214292218289074,6.2288553698403994,0.0,0.9866859345663435,3.723412158529177,5.0080637553096405,-0.0014690487999641335,0.009638898074601178,0.0,402.1331290850266,400.4791902532646,401.3262653107085,401.48064271583956
3.4400000000000026,1.0487520512231348,4.35635159222541,20.413101109866712,0.18211400542658218,6.229057977954993,0.0,0.9988780283890649,3.7613569263996163,5.036746137901561,-0.00243260439357165,0.014072892459290103,0.0,464.0983699040305,465.14130689500917,464.9203966182816,464.69385059815437
3.4600000000000026,1.0688266173506387,4.431875821493881,20.513680452757807,0.18207160054936544,6.229339697957602,0.0,1.0085785843613244,3.7910660004474037,5.0211881512079355,0.001102140478387974,0.014796982817451005,0.0,422.9227271287028,423.10972217220717,422.20494228916357,423.11909584991463
3.4800000000000026,1.0891240398347273,4.508092246306597,20.6144859303247,0.1820941980566344,6.229649391287547,0.0,1.0211636640475559,3.8305764808242238,5.059359605481146,0.0021554188853131436,0.009552238096182775,0.0,475.0245171910519,473.8161012470891,472.4553759565544,472.69895441400126
3.5000000000000027,1.109652429333439,4.585030817735706,20.71568938883546,0.18213813476742757,6.229841075664574,0.0,1.0316752858236435,3.8632806620866837,5.06098624559489,0.003442534331931609,0.010683268691384648,0.0,440.0494992913122,440.3302165367324,439.7614820902854,440.081228492683
3.5200000000000027,1.1304147918855785,4.662704846905709,20.81737122172749,0.18223303488081122,6.230056863481325,0.0,1.0445609693902878,3.9041222549135526,5.107197043608191,-0.0037754192208948397,0.01274358076675736,0.0,481.2324009472988,481.6999777143639,481.59632698169963,479.9553570114803
3.5400000000000027,1.1514149587286966,4.741129353617557,20.9196204070971,0.1821582180442629,6.230348048266368,0.0,1.0554557149215191,3.938328416271264,5.117721493352632,-0.004951470128945781,0.021265689626288525,0.0,447.6575690476399,449.73340551559426,449.7521878724788,449.46636107227414
3.5600000000000027,1.1726668274711354,4.820355157927534,21.022721757908673,0.18207588117589957,6.230774615106213,0.0,1.0697311593223635,3.984252014726377,5.192413587804765,0.0008265112168201914,0.022848754577016538,0.0,504.53232770721326,504.87508765876964,507.0569952795585,508.3010056117207
3.5800000000000027,1.1941793964561829,4.900417086182305,21.126875667656577,0.1820952526061319,6.2312373527505684,0.0,1.08152573918238,4.0219408107506665,5.222977386985605,-0.001557269769836458,0.019453889980736123,0.0,469.0617747201548,468.2700503803064,468.8656957406583,468.30965178685847
3.6000000000000028,1.2159280543523017,4.98123670632942,21.23166655307474,0.1820840006499358,6.231647400470532,0.0,1.093340050429511,4.0600212039608525,5.256111154830488,-0.00786495384573095,0.012977792336676472,0.0,471.9163304595616,470.4139565698235,472.17373745595165,470.7113914150503
3.6200000000000028,1.2379014667318515,5.062780238998981,21.336920272615682,0.18192954041003429,6.231942343260801,0.0,1.1040011875254685,4.094332062995236,5.269260799263659,-0.0054821668164874585,0.02139051407644091,0.0,452.69328365713477,454.7198530601255,452.7945816739292,453.36952359209323
3.640000000000003,1.2600990637491187,5.145049962947497,21.44266100207204,0.18184671439122813,6.2323764565924495,0.0,1.1157585142012352,4.132640331856432,5.304812146372083,-0.01280573391509883,0.01784000703678817,0.0,475.88104809195494,475.06483977680176,473.4279560889539,471.7342360512559
3.660000000000003,1.2825276306170916,5.228073888925856,21.549053656269983,0.18162809593323814,6.232820397287362,0.0,1.1270981725960445,4.169752265979436,5.334453273422051,-0.021465551501175843,0.031041564079592958,0.0,468.400398207883,471.4708104311424,469.3375453182845,467.31660005369673
3.680000000000003,1.305166069513997,5.31178199931857,21.65573084355496,0.1812209614304079,6.233515319959672,0.0,1.1367457170944952,4.201058773292017,5.3332654550757574,-0.02812536038629121,0.018868529066245074,0.0,441.8134544690067,438.7918814654279,442.10672039721504,440.45711139406615
3.700000000000003,1.3280041798884283,5.396144235576244,21.762546797380654,0.180658475326398,6.233892716366725,0.0,1.1470653203486234,4.235164852475495,5.3483299274938645,-0.02833080486151109,0.01909579863775352,0.0,457.0901440618713,457.14442420881437,455.18081126244846,455.13128755560416
3.720000000000003,1.3510534632291782,5.481207121537279,21.86977764852015,0.18009758074855053,6.23427858495792,0.0,1.157863013726353,4.271123743628053,5.374755186455631,-0.02494804877141514,0.02190742394720592,0.0,466.1370535401405,466.79580003160845,466.5980463618254,467.38961604562473
3.740000000000003,1.374355326289069,5.56712452324762,21.978292905118625,0.1796640378293377,6.234717502217027,0.0,1.1723232922627345,4.320616427405984,5.476770473392014,-0.01350968733144095,0.020667439944304016,0.0,531.456464975038,531.201322674155,529.7546802068832,532.109366763726
3.760000000000003,1.3978977464172206,5.653855547499457,22.087890915337855,0.17946868421680584,6.2351312560533785,0.0,1.1819187205524118,4.352485997777728,5.483030548530713,-0.0012752985770065964,0.019767398315814335,0.0,450.6979294383443,450.4795751907492,447.00152006863294,449.98333044815035
3.780000000000003,1.421627564478557,5.741209403865233,22.197541334926793,0.17948308339393915,6.235533373894182,0.0,1.191063085581232,4.382899638799892,5.482011410363231,-0.01020895949219943,0.02344703810417781,0.0,442.31418644606805,443.2225319049474,443.8127180448043,441.6070357212276
3.800000000000003,1.4455504582231402,5.8292121409178295,22.30740005347351,0.1793069854811069,6.236160521485306,0.0,1.2012262888770906,4.4173740664597965,5.503860444308615,-0.017703127492981183,0.005659018032198409,0.0,466.44054968296933,462.25346081807515,464.76611469444737,463.00043045607663
3.820000000000003,1.4696752199738543,5.917903419086851,22.41769796781925,0.17898083084427618,6.23632151240103,0.0,1.2112498861943264,4.451753750442379,5.5259309902654214,-0.025174126492973598,0.015437622746567035,0.0,463.7573741069825,466.05628877669295,465.146410440949,463.387594131773
3.840000000000003,1.4939925978054303,6.007252459375096,22.528281910178382,0.178482212354643,6.236631407775221,0.0,1.2204878969632857,4.483150278382122,5.532463245647618,-0.028293113580508945,0.013925723768625223,0.0,450.64854609205474,450.28158368324495,450.8938532986392,450.1370282664876
3.860000000000003,1.5185094939075083,6.097286431987315,22.639323916370802,0.1779194754389941,6.236955177976919,0.0,1.2312017132445177,4.520246982839697,5.571737373594517,-0.03079325596110985,0.023439474482764906,0.0,479.15385415393536,481.319048160572,480.7255074522969,480.15657009298127
3.880000000000003,1.5432095070661807,6.187944105439649,22.750507277958576,0.17730683379086187,6.237435903562734,0.0,1.2387996026227104,4.54552036239372,5.546598785183046,-0.033332338902008964,0.018553556726771017,0.0,420.1055252647923,418.83241049616123,421.4100673077595,420.7505745902673
3.900000000000003,1.56808719353145,6.279207838574578,22.861761138965093,0.17666795250131262,6.237841653927582,0.0,1.2489690439042174,4.580852951099173,5.578787315468789,-0.040784249863712735,0.010225384020599035,0.0,475.20938844028956,473.2898807480287,475.0188958917157,473.30073853131904
3.920000000000003,1.5931474953085252,6.3710992795980115,22.973230942294787,0.17585790854862715,6.238046665069671,0.0,1.2570611338033113,4.608291151244189,5.568193017500474,-0.04414313199582264,0.011228839726577254,0.0,435.7141141756988,435.9656524010775,434.08297481976155,433.23543535877536
3.940000000000003,1.6183806350767505,6.463581326008111,23.08473921398387,0.1750030527082167,6.238285304761856,0.0,1.266252843019199,4.639913489765812,5.582634151407782,-0.036658908655266734,0.0059254638860207764,0.0,459.08209407199536,457.8175314890237,457.3067168810571,459.0910488869527
3.960000000000003,1.6437924602233376,6.556675298781362,23.196437001862186,0.17427055975816508,6.238404568399407,0.0,1.2749296716395067,4.669483787559339,5.5871446364239175,-0.03782956919824328,0.007153763384821416,0.0,448.65399906546446,448.9530473595379,449.77449963184654,449.4893166768679
3.980000000000003,1.6693635710878436,6.650304260106928,23.30791930289877,0.17351397395855095,6.238551582823316,0.0,1.2821814148111108,4.6934123449972835,5.561085467234317,-0.03793525127471862,0.0043469302182893845,0.0,419.96382235067654,419.232515491736,419.4310656940298,419.4027471447826
4.000000000000003,1.695077107310524,6.744400654899343,23.418830650462034,0.17276791859280038,6.238641695528511,0.0,1.289172207456926,4.716227134244233,5.530049289091824,-0.03290540838566913,0.0018273664344937847,0.0,414.5079987075078,413.84295970883676,413.4044786458962,414.73148749289203
4.020000000000002,1.7209607257101611,6.8390686733519646,23.529795646611888,0.17213621389243094,6.238701676937815,0.0,1.2991896325067842,4.750574711017844,5.5664503258934275,-0.025638570374007026,0.00867339895179173,0.0,477.14994834231095,478.71557669191816,476.5853859423065,478.2487524231328
4.040000000000002,1.7470294117301468,6.934363180422932,23.6411557163697,0.17165331694278851,6.238875983902165,0.0,1.3076789694917943,4.778875996078962,5.569556649887645,-0.017908828096606006,0.009968764007960113,0.0,446.97740771910327,447.2939462338815,447.25881025881966,449.1437843036028
4.060000000000001,1.7732907178242399,7.030311390289761,23.75309535256535,0.17130645863900718,6.239101656666598,0.0,1.3184516399175086,4.815944990603929,5.62440696967734,-0.0226666129068773,0.01722100287255171,0.0,493.08666486292975,494.69149561559453,494.9214448655623,493.86969960423335
4.080000000000001,1.7997334741575395,7.126870283974596,23.86538754976783,0.1708534766902785,6.239446086780578,0.0,1.3258239934124671,4.83994437787968,5.604812750570602,-0.021829583147941443,0.017362823388691297,0.0,426.7196240417967,426.75588588617364,426.03783526045,426.2524802540029
4.1000000000000005,1.826327778000021,7.223926050700916,23.977396488053223,0.17044850466246153,6.239834063856691,0.0,1.3336063908357039,4.865632294752328,5.596081077968742,-0.013877270887772476,0.026387302136810335,0.0,435.4972182955547,437.7563628853165,436.0542747352489,438.04313820434646
4.12,1.853092168499449,7.321553542025839,24.08957806326518,0.17017835292551364,6.240362056653673,0.0,1.3428326591070803,4.8971168377400405,5.622076443226875,-0.010031837022121015,0.02708980373207275,0.0,469.1127208413324,469.2764797928436,468.6200280357952,469.51622385716877
4.14,1.880019064560302,7.419727239686795,24.20180311638014,0.16999109670475665,6.240917515147974,0.0,1.3498569469782282,4.92025292835557,5.60042886826952,-0.0048587296995551464,0.02186248708585106,0.0,424.54398493363084,423.19616770870886,424.26178886915017,425.59263456360344
4.159999999999999,1.9070905561760814,7.518383172824172,24.31371657557142,0.16989411540702815,6.2413941699439945,0.0,1.3572922145997126,4.945340385382102,5.590917050858395,-0.0042369640475338685,0.03073999285073492,0.0,434.2628501028293,436.4916759293488,436.67636228404814,436.83205914832513
4.179999999999999,1.9343064736699946,7.617526491376856,24.425362769561005,0.16982424938266139,6.242010949553304,0.0,1.364299534791608,4.968991469886371,5.573702348099948,0.0012170723630071838,0.028750142456686525,0.0,428.66010682081776,428.1527531986541,427.79426787775714,429.18566586015527
4.199999999999998,1.9616824333356153,7.717228431977891,24.53717021498074,0.16984873010962342,6.242665134828242,0.0,1.3732964317704466,5.001202590217166,5.607042193873846,0.0006892850919327938,0.04133445219571495,0.0,473.70129964562545,476.5963509090429,475.94197021824385,475.82071872002433
4.219999999999998,1.9892239431746868,7.817520562423273,24.649334554362678,0.1698628955184187,6.243542980342337,0.0,1.3808545521366997,5.028010454321038,5.609391744320033,-0.00018215848793326267,0.051449438125659996,0.0,445.4007433495655,447.87707106794613,448.5950014515391,448.3825981483442
4.2399999999999975,2.0169204663273894,7.918372429958238,24.76168871589229,0.16988530752691666,6.244572328835881,0.0,1.3887977631335564,5.0571762991753735,5.626024408640954,-0.007400908830799791,0.050601227030673455,0.0,461.3518750076398,461.1524627556541,461.3993895605154,459.6861107842158
4.259999999999997,2.0447893254491287,8.01987599881648,24.874779423172857,0.16974547476055601,6.245586864999492,0.0,1.3980881490403774,5.093180586648784,5.683046319415699,-0.011446995892415658,0.052842486943422154,0.0,496.6931679127733,497.1874540534383,496.9625198140254,496.0719513770531
4.279999999999997,2.072814167713024,8.121976690182924,24.988301029529516,0.16953998110698176,6.246662246583114,0.0,1.404396077349139,5.116888549995732,5.669114316250456,-0.01829480784574178,0.05893048246806572,0.0,432.5406424899876,434.0783155902411,433.4040318399727,431.67362869944117
4.299999999999996,2.100969865245794,8.224581669139177,25.101728114443276,0.1692556448637692,6.2478439949871305,0.0,1.4111736759278681,5.14360934562941,5.673594175125405,-0.031066645121748476,0.06143597828950411,0.0,449.376387815055,449.9877894386913,452.5906567758611,449.4956001687424
4.319999999999996,2.1292680330711504,8.327764575930773,25.2155088423031,0.16864558955846576,6.24907373335496,0.0,1.4186431066077716,5.17468133353031,5.704478610857182,-0.03581587603448623,0.06286342498815989,0.0,474.2424647482257,474.57378498143214,475.17956995122483,474.08560373587625
4.339999999999995,2.157704658611571,8.43152732138647,25.329677762027117,0.16793010380609363,6.2503316496001755,0.0,1.425019447434264,5.201593212039533,5.712413361544353,-0.03452609441160503,0.06172522865036285,0.0,454.14409079516327,453.8728301956529,453.7814824666182,454.09151796474663
4.359999999999995,2.186262814487563,8.53580920972675,25.44390823958694,0.16725044711417603,6.251570441900068,0.0,1.4307961401649296,5.226595621988507,5.710634394437826,-0.029864507489787178,0.06465361622171457,0.0,444.9158041165185,445.63738794864594,443.9515761105152,445.0973432573897
4.379999999999995,2.2149358472366028,8.640598860563175,25.55816348322022,0.16665399882053222,6.25286454340144,0.0,1.4365071347390532,5.252369461653971,5.714889968890451,-0.0311620868916278,0.06321891978099797,0.0,450.60045713833705,450.2553036849811,450.7868954302415,450.4718862073265
4.399999999999994,2.24372658271132,8.745935925459376,25.672707506952847,0.1660319536649668,6.254128939649387,0.0,1.4425664127326543,5.2813370279662175,5.739512404372232,-0.0327090725202162,0.06302996302667241,0.0,469.7233793969864,469.68207197945856,468.9441956573006,468.58319717454793
4.419999999999994,2.2726437155620687,8.851896407769727,25.788021926423188,0.16539255634541306,6.255559945563991,0.0,1.4491468723421992,5.314711203068861,5.791929542661768,-0.027271401906631763,0.08149109268173356,0.0,491.10112150573866,495.19532714931654,493.9018503081611,495.1034749749316
4.439999999999993,2.3016593294904903,8.958346689480503,25.903336578644065,0.16484719438356343,6.257189767911729,0.0,1.452414520499994,5.330316968008748,5.739535679425958,-0.027634929851359447,0.08152252841400885,0.0,394.64057237591265,394.6555683633743,395.22511842021765,395.1242818934524
4.459999999999993,2.3307504639170076,9.065187397085962,26.018085405932524,0.16429609883425123,6.258837475821355,0.0,1.4566989221517028,5.353753792537203,5.735347049419955,-0.029425487147502934,0.08739744821714832,0.0,442.0385759769676,443.4943379757959,442.9468267670265,442.50455312420814
4.479999999999992,2.3599190567143133,9.172462038179187,26.1325535863152,0.16374030821672836,6.260592029205114,0.0,1.4601603575788733,5.373710316785273,5.711470988847617,-0.021336095893889868,0.0837630515914545,0.0,424.0889547063156,423.1578946366237,422.28931836847016,424.37777814618704
4.499999999999992,2.3891641352376483,9.280209402660638,26.247002130101208,0.16337105257915496,6.262268673308782,0.0,1.4643474947546182,5.401026131359776,5.733383389753415,-0.010615435438067727,0.08209987881728596,0.0,466.2685611557614,465.88388509133017,465.74661858257383,468.2558777453531
4.519999999999992,2.4184829320481196,9.388453332894926,26.36159835960905,0.16315891223012624,6.263942577185379,0.0,1.4675321862925155,5.423366892068902,5.7262395610307175,-0.011195710773055853,0.07411159987212589,0.0,441.2100243847577,439.2320637977102,439.31448841366,439.17020818265087
4.539999999999991,2.4478707566012803,9.497216057251515,26.47649744495346,0.16299851525014297,6.265425392959383,0.0,1.4712502690235418,5.452905543590163,5.763668973410142,7.52461940815869e-05,0.07303106615200144,0.0,480.35437647591226,480.11227842188293,479.44449133900775,482.0073179661931
4.559999999999991,2.4773250265153615,9.606529203422722,26.591908020602016,0.16300002408158232,6.266903284557028,0.0,1.4741767223845725,5.478409073530507,5.777388591445565,0.00016364933679984895,0.07890818697857757,0.0,458.9823277138629,460.38375793794324,459.57896603994146,459.5999894605615
4.57999999999999,2.506838612169048,9.716391992668518,26.707839263128808,0.16302228134329244,6.268487328719107,0.0,1.4771818429841035,5.507869851049069,5.815735661233441,0.006325511875760222,0.0754787781349582,0.0,482.30464724980874,481.531271834468,481.0946903542903,482.49261524782355
4.59999999999999,2.53640144361237,9.826766349648409,26.82407069160439,0.1631494841371266,6.27003772323531,0.0,1.4791013013480774,5.529565846940075,5.807407186324875,0.007502419959562526,0.08451414791192305,0.0,437.7585345342971,440.013421820646,440.17133576883805,440.4633968765281
4.6199999999999894,2.5659990768750616,9.937567751834727,26.940097779968493,0.16337228190398356,6.271728529613345,0.0,1.48066202492109,5.5505743716917655,5.795301650085229,-0.004559865699933458,0.08553729970649065,0.0,436.54572202509604,436.80782498624194,436.581752379692,433.5510449727448
4.639999999999989,2.595626619113906,10.048817076395895,27.056053893662686,0.16330811759881492,6.273440450289444,0.0,1.4820921989633697,5.574358084425015,5.800309719334174,-0.011912825489038773,0.08707006320374897,0.0,452.0271664999009,452.40353504816227,452.6640275250136,450.88506767558755
4.659999999999989,2.6252766067870947,10.160498781032345,27.17185403304235,0.1630711280986965,6.275183425962947,0.0,1.4829065683554763,5.593812379219899,5.779704218632281,-0.013504685823458838,0.08529557205007375,0.0,428.36109110706315,427.9146274130391,427.0549184489101,426.6473872268587
4.679999999999988,2.6549431220504944,10.272638700335465,27.287670904085395,0.16280605476574728,6.276945623858293,0.0,1.4837449579845032,5.6201795510921695,5.801982885672357,-0.016673402762394946,0.09590561015972482,0.0,466.9760514983714,469.4585263469919,467.3898128130884,466.64830663133273
4.699999999999988,2.6846212446599758,10.385275142461138,27.403755477830707,0.16248150626432079,6.2788673971868825,0.0,1.4840673029635991,5.643464661475051,5.806474488858667,-0.020897039541565087,0.0986115759374565,0.0,450.38566630638434,451.0496053752887,452.8840936685788,451.86363251844443
4.719999999999987,2.7142989590211055,10.498270498102917,27.519288765574963,0.162064974397075,6.280842199688214,0.0,1.4837041331493857,5.6560709027029015,5.746854285566892,-0.019218395096862895,0.09634398577064934,0.0,387.841092358043,387.2113593945294,386.48179874114726,386.9562441653608
4.739999999999987,2.7439678912155734,10.611609559684284,27.63419974811602,0.1616954848913501,6.282772240988219,0.0,1.4831890862973978,5.677835255433802,5.74424396853926,-0.013763416414516477,0.09885857702630764,0.0,443.62166626422487,444.2487465593986,443.6336069505295,444.97567629969063
4.7599999999999865,2.7736228584218594,10.72548082567604,27.749663492534335,0.16143132198693877,0.0015656479248047361,0.0,1.4823076343312434,5.709291343741792,5.802130473292179,-0.018476255023950224,0.09710211715150151,0.0,498.8473975622017,498.4696294596593,498.2093286078487,497.17444309723675
4.779999999999986,2.8032552406965805,10.839951816061552,27.86611482464042,0.16110501253753196,0.0035346255842263474,0.0,1.4809305931408603,5.737807694809375,5.843002737316294,-0.027773098689617283,0.10444177877747964,0.0,484.2693175808187,485.93029643742165,484.338130163935,482.2355792551879
4.799999999999986,2.832855848468356,10.95496305281476,27.983209648378963,0.16054979524069513,0.0056467700782114605,0.0,1.4791301840367053,5.763315980511408,5.866479636537955,-0.02847263704517935,0.09761405317733622,0.0,469.81029635223695,468.2279759862976,469.5786236090819,469.4156122330093
4.819999999999985,2.8624162204636945,11.070464956499526,28.100667991003657,0.16000797911234876,0.007605338463231526,0.0,1.4769070154971142,5.786874387965298,5.879354625931495,-0.021038040545363488,0.10116012747817951,0.0,458.5554679449829,459.40779224004393,459.872038202792,461.63558189030266
4.839999999999985,2.8919249989467413,11.186495816674238,28.218755742327776,0.15961745402310434,0.009653114246964911,0.0,1.473970832807554,5.816211629505992,5.929420506480399,-0.013261701861557593,0.10817058169598293,0.0,491.70598809020356,493.2696494053204,492.38691250671855,494.11019337674077
4.859999999999984,2.9213763974661227,11.303003200695324,28.337172654815195,0.1593558150345462,0.01182100546513265,0.0,1.471169019130591,5.834526772602452,5.912270742261388,-0.010580266174104189,0.10517739468279608,0.0,433.0788938449829,432.3334001333589,431.3583877219885,432.0374631974796
4.879999999999984,2.9507668534992555,11.419886830397287,28.455317565553877,0.15915067132129312,0.013997172095722377,0.0,1.4678765841827093,5.853836197593811,5.902220331606771,-0.006985378073268982,0.09312594357232323,0.0,440.5980991168443,437.60786445397724,438.09124185510126,438.98741482698915
4.8999999999999835,2.9800872516748442,11.53715513578485,28.573260518002044,0.15901096661380176,0.015860062506115824,0.0,1.4641632333761794,5.872994341162429,5.892074913209789,-0.006909827108351999,0.09226392391296338,0.0,438.47876857841777,438.2712809553518,438.7757722090489,438.7947027969219
4.919999999999983,3.0093244916759736,11.654858210680061,28.691329946371756,0.15891056497385314,0.017711933718179473,0.0,1.4595607667367814,5.89731314835864,5.914867923761561,-0.015604066835661259,0.08863274399332406,0.0,469.5585305053738,468.7191751721036,469.92540539901375,467.89885257465653
4.939999999999983,3.0384616645897315,11.773080677607037,28.810068495700776,0.15861178796462827,0.01950032881416952,0.0,1.454156524639009,5.924933544338965,5.958987009140238,-0.010445709056551249,0.0830220014178748,0.0,488.6675414900484,487.4167039880307,487.499785706645,488.65511059058497
4.959999999999982,3.067489474070007,11.891828325929852,28.929530022122353,0.15842091800903457,0.021191882903976555,0.0,1.4486244233885504,5.94983128794242,5.987165633017367,-0.004438342655689704,0.09091048181008513,0.0,474.1857713720234,476.00579802513033,473.4012943017399,474.78646415947605
4.979999999999982,3.096415169586387,12.010979976186652,29.048975783559424,0.15833982130903035,0.023012429550252733,0.0,1.4439451282494582,5.96533373773749,5.957410510689548,-0.008355012953268202,0.09307243003995935,0.0,420.375568199567,420.94480730804344,420.62177593257394,419.6027555730192
4.999999999999981,3.1252451421074037,12.130433759922685,29.16778353038753,0.15819489427753908,0.024880748199174185,0.0,1.439052123852221,5.980044635865776,5.923364172121121,-0.015014326367431097,0.0893656664590853,0.0,416.13311895783386,415.16624931080753,416.53327068324955,414.78208392092955
5.019999999999981,3.153969103293666,12.250212338689082,29.28610944073198,0.1579007201363174,0.02671758637805688,0.0,1.4333439947740019,5.997813240773831,5.909226862323671,-0.018510720546288783,0.09931803800573775,0.0,432.89204389260516,435.40470824462676,436.12782530965774,435.2507222264523
